('Single_perf: ', 79999.0873621041, ';', 176.40963994739275, ';', 1504.7494151812361, ';', 0.8995834788166447)
('Single_perf: ', 80091.85205837333, ';', 175.49602128755126, ';', 1526.050678891568, ';', 0.9033876509327687)
('Single_perf: ', 79999.05012319547, ';', 176.40904340516556, ';', 1504.7584134415379, ';', 0.8995850729335527)
('Single_perf: ', 31136.932041723063, ';', 62.34925904263573, ';', 737.4709629540178, ';', 0.671677522585784)
('Single_perf: ', 30923.63652884201, ';', 62.20443259871436, ';', 727.9857086833767, ';', 0.6692667369076599)
('Single_perf: ', 32043.227094154878, ';', 90.51217394403979, ';', 676.0995422088256, ';', 0.6283950631031643)
[[1.         0.99896078 1.         0.39227951 0.3928581  0.7961395 ]
 [0.99896078 1.         0.99896145 0.39210223 0.39262408 0.79663003]
 [1.         0.99896145 1.         0.39227956 0.39285813 0.79613989]
 [0.39227951 0.39210223 0.39227956 1.         0.97747873 0.62487419]
 [0.3928581  0.39262408 0.39285813 0.97747873 1.         0.62287194]
 [0.7961395  0.79663003 0.79613989 0.62487419 0.62287194 1.        ]]
("Breiman's stacking: ", 30829.108400220815, ';', 62.41155954914034, ';', 717.1329442815598, ';', 0.6677766018521519)
('Breimans exec time = ', 62.55380344390869)
('NNSMA1: ', 31137.415775718317, ';', 62.36266209323959, ';', 737.469186500582, 0.6716628834561489)
('NNSWA1: ', 12905.938963572844, ';', 50.9521048229921, ';', 261.16957669801826, 0.4131493880535238)
('NNSM1: ', 18776.822446966886, ';', 51.07957987628899, ';', 425.3649695543673, 0.5173752363701652)
('NNSW1: ', 13735.078133518977, ';', 51.860304057507804, ';', 276.7288714536479, 0.42763764672564775)
('NNS exec time = ', 3631.9644198417664)
('NN1: ', 79992.92779557873, ';', 175.91959256156613, ';', 1514.3096721881448, 0.9011143280742923)
('NN exec time = ', 92.13819742202759)
('NNMETA1: ', 25789.327567991437, ';', 64.79226726001359, ';', 575.6019801068147, 0.5978893570717266)
('NNMETA exec time = ', 19.632132053375244)
('NNSMA3: ', 19371.982054140346, ';', 53.09061387014974, ';', 429.9551920904128, 0.5235096913185915)
('NNSWA3: ', 11400.426724401363, ';', 45.90598387362974, ';', 250.03102044170814, 0.39224830308716246)
('NNSM3: ', 18748.656510086395, ';', 51.6495176043921, ';', 424.4995462325744, 0.5159859051626215)
('NNSW3: ', 11335.850591556253, ';', 45.853749605316516, ';', 241.9374047709055, 0.3909845832627658)
('NNS exec time = ', 4974.351378440857)
('NN3: ', 16519.15288324961, ';', 59.27113875336932, ';', 327.0615428353971, 0.4640393658035617)
('NN exec time = ', 128.92198419570923)
('NNMETA3: ', 24945.75241515823, ';', 60.45437169785594, ';', 561.1240419186446, 0.5937174021414212)
('NNMETA exec time = ', 27.874244689941406)
('NNSMA10: ', 20181.431034150806, ';', 54.820578564963824, ';', 436.2389341902095, 0.5332664431004236)
('NNSWA10: ', 24390.72895359163, ';', 59.80933210223937, ';', 537.4311672477695, 0.5870226360905598)
('NNSM10: ', 25205.47021746872, ';', 59.67483376032058, ';', 567.9956670526557, 0.5986240353077431)
('NNSW10: ', 24155.042149915324, ';', 59.89908868933704, ';', 531.6773604919248, 0.5835371323541718)
('NNS exec time = ', 5750.867489337921)
('NN10: ', 14595.981548967748, ';', 52.2960103782578, ';', 307.1143906414658, 0.44314328867320957)
('NN exec time = ', 131.3826446533203)
('NNMETA10: ', 24186.403727675282, ';', 58.78827758600475, ';', 545.5181887489997, 0.5858477491644865)
('NNMETA exec time = ', 36.23818039894104)
