('Single_perf: ', 878.8805826561177, ';', 9.563801658723285, ';', 109.41699539286215, ';', 0.24517860650320905)
('Single_perf: ', 877.1090324966391, ';', 9.036016887093306, ';', 108.10616058196737, ';', 0.2464279400180896)
('Single_perf: ', 877.9161783545775, ';', 9.531919473436012, ';', 109.46964600586986, ';', 0.2451232397485445)
('Single_perf: ', 619.044470058222, ';', 5.269867564385466, ';', 88.49207785676678, ';', 0.21245890571642254)
('Single_perf: ', 585.2249502252735, ';', 5.374311319051376, ';', 64.87548790448653, ';', 0.20608754534697193)
('Single_perf: ', 557.2817051775864, ';', 5.7458745354544964, ';', 63.87541961357557, ';', 0.20005851327429633)
[[1.         0.99027817 0.99966498 0.6816311  0.69940999 0.8120234 ]
 [0.99027817 1.         0.99134008 0.67549382 0.69445989 0.8089934 ]
 [0.99966498 0.99134008 1.         0.68198313 0.69980575 0.81259916]
 [0.6816311  0.67549382 0.68198313 1.         0.92314475 0.89460309]
 [0.69940999 0.69445989 0.69980575 0.92314475 1.         0.90217605]
 [0.8120234  0.8089934  0.81259916 0.89460309 0.90217605 1.        ]]
("Breiman's stacking: ", 593.7356282159299, ';', 5.409936215136751, ';', 73.19082390966422, ';', 0.2075872502723013)
('Breimans exec time = ', 202.03019309043884)
('NNSMA1: ', 548.9919342075383, ';', 5.442517632130989, ';', 63.899887713156204, 0.19912223138091686)
('NNSWA1: ', 824.1304816029466, ';', 7.197811124256931, ';', 209.5783071205961, 0.24281758255326719)
('NNSM1: ', 549.811868201283, ';', 5.467194504505846, ';', 60.82529826303693, 0.19922777331694455)
('NNSW1: ', 683.1936473225629, ';', 5.857372863242575, ';', 78.85620725329521, 0.2225690333662736)
('NNS exec time = ', 385.1758427619934)
('NN1: ', 892.7904711155296, ';', 9.754121159656748, ';', 111.90117407622762, 0.24676664584885427)
('NN exec time = ', 10.547972917556763)
('NNMETA1: ', 542.0894559728456, ';', 5.787302613120146, ';', 64.2196785394342, 0.1970460115151301)
('NNMETA exec time = ', 17.85194182395935)
('NNSMA3: ', 557.2996468205394, ';', 5.7456582815167, ';', 63.87540064316129, 0.20006241062501812)
('NNSWA3: ', 591.0784582557964, ';', 6.519374450659734, ';', 72.3190003036182, 0.20464418837957699)
('NNSM3: ', 540.6795019377375, ';', 5.444166521675085, ';', 63.874386279024826, 0.19732356091542785)
('NNSW3: ', 601.2439627146242, ';', 5.489765393396415, ';', 66.27856583699429, 0.20880430918157733)
('NNS exec time = ', 552.3952887058258)
('NN3: ', 676.7906809759692, ';', 7.51830208938589, ';', 80.99727560007553, 0.21760549197766824)
('NN exec time = ', 22.302919626235962)
('NNMETA3: ', 537.6649011058621, ';', 5.534632703688538, ';', 63.31391597253081, 0.19674283786402982)
('NNMETA exec time = ', 15.77957558631897)
('NNSMA10: ', 556.730868119367, ';', 5.320275884156263, ';', 63.632347657517165, 0.20085045774722024)
('NNSWA10: ', 542.0228010688301, ';', 5.888566353020467, ';', 62.650525495930225, 0.19680391278673157)
('NNSM10: ', 545.5670274975473, ';', 5.482653281524757, ';', 63.70787337925072, 0.19838025311437132)
('NNSW10: ', 557.9502142159944, ';', 6.378783897084956, ';', 61.51224703977903, 0.1987174177666566)
('NNS exec time = ', 921.2729032039642)
('NN10: ', 739.3964328996225, ';', 6.3870573201673855, ';', 98.45557097262991, 0.23093822315139387)
('NN exec time = ', 31.763814449310303)
('NNMETA10: ', 552.5318763583981, ';', 5.548160234671955, ';', 69.35552402775406, 0.19957772704554694)
('NNMETA exec time = ', 12.29108214378357)
