import numpy as np
import pandas as pd

a = np.round(np.array([[11400.426724401363, 45.90598387362974, 250.03102044170814, 0.39224830308716246],
[19371.982054140346, 53.09061387014974, 429.9551920904128, 0.5235096913185915],
[11335.850591556253, 45.853749605316516, 241.9374047709055, 0.3909845832627658],
[18748.656510086395, 51.6495176043921, 424.4995462325744, 0.5159859051626215],
[30829.108400220815, 62.41155954914034, 717.1329442815598, 0.6677766018521519],
[24186.403727675282, 58.78827758600475, 545.5181887489997, 0.5858477491644865],
[14595.981548967748, 52.2960103782578, 307.1143906414658, 0.44314328867320957],
[79999.0873621041, 176.40963994739275, 1504.7494151812361, 0.8995834788166447],
[80091.85205837333, 175.49602128755126, 1526.050678891568, 0.9033876509327687],
[79999.05012319547, 176.40904340516556, 1504.7584134415379, 0.8995850729335527],
[31136.932041723063, 62.34925904263573, 737.4709629540178, 0.671677522585784],
[30923.63652884201, 62.20443259871436, 727.9857086833767, 0.6692667369076599],
[32043.227094154878, 90.51217394403979, 676.0995422088256, 0.6283950631031643]]), 2)

err = pd.DataFrame(a)
for i in range(13):
    err.loc[i, 0] = str(err.loc[i, 0]) + ' ($\pm$ ' + str(err.loc[i, 2]) + ')'
    err.loc[i, 1] = str(err.loc[i, 1]) + ' ($\pm$ ' + str(err.loc[i, 3]) + ')'

err = err.drop([2, 3], axis=1)
err.columns = ['MSE', 'MAE']
err.index = ['UNNS + $\phi_x$ (3 layers)', 'CNNS + $\phi_x$ (3 layers)', 'UNNS (3 layers)', 'CNNS (3 layers)',
             'Breiman\'s stacking', 'Meta-regression neural net (10 layers)', 'Direct neural net (10 layers)',
             'Least squares', 'Lasso', 'Ridge', 'Bagging', 'Random forest', 'Gradient boosting']
print(err.to_latex(escape=False))

b = np.round(np.array([[1,0.99896078,1,0.39227951,0.3928581,0.7961395]
,[0.99896078,1,0.99896145,0.39210223,0.39262408,0.79663003]
,[1,0.99896145,1,0.39227956,0.39285813,0.79613989]
,[0.39227951,0.39210223,0.39227956,1,0.97747873,0.62487419]
,[0.3928581,0.39262408,0.39285813,0.97747873,1,0.62287194]
,[0.7961395,0.79663003,0.79613989,0.62487419,0.62287194,1]]), 2)

cor = pd.DataFrame(b)
cor.columns = ['Least squares', 'Lasso', 'Ridge', 'Bagging', 'Random forest', 'Gradient boosting']
cor.index = ['Least squares', 'Lasso', 'Ridge', 'Bagging', 'Random forest', 'Gradient boosting']
print(cor.to_latex(escape=False))
