('Single_perf: ', 308.6520088002304, ';', 13.407616158043652, ';', 7.115583477846338, ';', 0.15570891656080008)
('Single_perf: ', 475.5951713048839, ';', 17.083448902820948, ';', 9.413338510198301, ';', 0.18591837052431884)
('Single_perf: ', 309.16814276737546, ';', 13.420600531829637, ';', 7.16700978930044, ';', 0.15581023464392466)
('Single_perf: ', 105.13966690952532, ';', 5.680877032667347, ';', 5.022633541685488, ';', 0.117077613643624)
('Single_perf: ', 103.01625685725239, ';', 5.593807094737721, ';', 5.077381497845418, ';', 0.11615677491622255)
('Single_perf: ', 161.48425541640606, ';', 8.74316553645519, ';', 5.049847599487521, ';', 0.12648018416409304)
[[1.         0.79606647 0.99952065 0.51732219 0.50832136 0.77843138]
 [0.79606647 1.         0.79619818 0.45012656 0.43954058 0.67333482]
 [0.99952065 0.79619818 1.         0.51728784 0.5080261  0.7786401 ]
 [0.51732219 0.45012656 0.51728784 1.         0.91360078 0.72291002]
 [0.50832136 0.43954058 0.5080261  0.91360078 1.         0.71572487]
 [0.77843138 0.67333482 0.7786401  0.72291002 0.71572487 1.        ]]
("Breiman's stacking: ", 99.78599746998442, ';', 5.4829513478385685, ';', 4.950696880385636, ';', 0.11452394512996007)
('Breimans exec time = ', 48.25490117073059)
('NNSMA1: ', 98.79041857668645, ';', 5.647422068893892, ';', 4.672315092974204, 0.11217884730813392)
('NNSWA1: ', 107.72913966638727, ';', 6.551537477775525, ';', 4.954620219261502, 0.11041212926522492)
('NNSM1: ', 102.70192655550488, ';', 5.581232647264324, ';', 5.071143826248126, 0.11601595001119763)
('NNSW1: ', 99.65345813946351, ';', 5.6862483859775965, ';', 4.7237156949437304, 0.11253294595957825)
('NNS exec time = ', 529.112361907959)
('NN1: ', 362.59384105274836, ';', 14.761472859219982, ';', 7.712936490126687, 0.16497985379851468)
('NN exec time = ', 11.068359375)
('NNMETA1: ', 99.05084419540198, ';', 5.602055356194641, ';', 4.781040087533546, 0.11282325015397833)
('NNMETA exec time = ', 8.873148679733276)
('NNSMA3: ', 102.27906605258575, ';', 5.573499632618629, ';', 5.008078204309649, 0.11574274155669452)
('NNSWA3: ', 99.67307380523069, ';', 5.8635165124790065, ';', 4.600510185283603, 0.11082514912312735)
('NNSM3: ', 98.60268262744749, ';', 5.595054670210171, ';', 4.75081181526622, 0.11251456378000471)
('NNSW3: ', 99.3644844751022, ';', 5.761667978476086, ';', 4.706028110303344, 0.11156563035279651)
('NNS exec time = ', 285.2084262371063)
('NN3: ', 274.9296172861855, ';', 11.996707975156179, ';', 7.203761168728341, 0.15698474129733092)
('NN exec time = ', 26.575063943862915)
('NNMETA3: ', 101.0072640463241, ';', 5.842831208215858, ';', 4.665626290370816, 0.11215498681830197)
('NNMETA exec time = ', 3.634957790374756)
('NNSMA10: ', 102.89652978624866, ';', 5.585713945503972, ';', 5.074102748037409, 0.11613308825802708)
('NNSWA10: ', 98.96988616048507, ';', 5.712871498237926, ';', 4.670559151373372, 0.11170491585059811)
('NNSM10: ', 99.5828260206043, ';', 5.509500536436014, ';', 4.921944858598257, 0.11411667977397735)
('NNSW10: ', 98.6229841605418, ';', 5.636119379896738, ';', 4.773810906264649, 0.11214538835564455)
('NNS exec time = ', 525.6863679885864)
('NN10: ', 438.0860841226544, ';', 14.688585132002961, ';', 10.30265359069331, 0.20450694571818806)
('NN exec time = ', 24.976333379745483)
('NNMETA10: ', 102.89539905772064, ';', 6.052992968816025, ';', 4.59524906816764, 0.11164064405173414)
('NNMETA exec time = ', 11.970065593719482)
