('Single_perf: ', 92.02821944185963, ';', 6.817947180532051, ';', 0.6159853580904578, ';', 0.018801655471827047)
('Single_perf: ', 92.61448943544306, ';', 6.8688564090906565, ';', 0.619725546882503, ';', 0.018778829981764174)
('Single_perf: ', 92.02802733199022, ';', 6.817848542624115, ';', 0.6159716180774474, ';', 0.018801893442945267)
('Single_perf: ', 92.82652609639818, ';', 6.836036304552557, ';', 0.5937220904875216, ';', 0.01891511226765923)
('Single_perf: ', 92.60328528829501, ';', 6.826052953625799, ';', 0.594050430671368, ';', 0.01889728498050735)
('Single_perf: ', 87.48730969461279, ';', 6.583855373815599, ';', 0.6003133831818566, ';', 0.018509655078178474)
[[1.         0.99627618 0.99999991 0.87338422 0.87282378 0.95325747]
 [0.99627618 1.         0.99627651 0.87792572 0.87735486 0.95941319]
 [0.99999991 0.99627651 1.         0.87340475 0.872844   0.95326502]
 [0.87338422 0.87792572 0.87340475 1.         0.89416778 0.91078523]
 [0.87282378 0.87735486 0.872844   0.89416778 1.         0.91047931]
 [0.95325747 0.95941319 0.95326502 0.91078523 0.91047931 1.        ]]
("Breiman's stacking: ", 87.65652188280451, ';', 6.608759905972393, ';', 0.5748260253632468, ';', 0.018476215415839978)
('Breimans exec time = ', 3090.947847366333)
('NNSMA1: ', 84.40991691291968, ';', 6.459429134425864, ';', 0.5781066608993352, 0.01820214407898356)
('NNSWA1: ', 101991.39788538411, ';', 8.286677631663723, ';', 67834.39985940131, 0.8894405086791403)
('NNSM1: ', 84.24233194640105, ';', 6.45961326223206, ';', 0.5776019161438934, 0.018165869747661566)
('NNSW1: ', 89864.94081533063, ';', 10.723713970838684, ';', 49033.039386445416, 0.8346386151978977)
('NNS exec time = ', 4446.263236045837)
('NN1: ', 1596.1967217532606, ';', 29.82917817716934, ';', 10.87702679627067, 0.074047757194003)
('NN exec time = ', 1968.3791055679321)
('NNMETA1: ', 87.64361164629241, ';', 6.613862867153117, ';', 0.5912999532540405, 0.018459322987247322)
('NNMETA exec time = ', 132.21216678619385)
('NNSMA3: ', 83.04663542248342, ';', 6.382748534269403, ';', 0.5734259985796286, 0.01812125628359936)
('NNSWA3: ', 106.92927077066528, ';', 8.090143113901831, ';', 5.622032441096272, 0.017942987898770264)
('NNSM3: ', 82.9870914195485, ';', 6.383221783653249, ';', 0.5745065843611395, 0.0181072048494872)
('NNSW3: ', 2618.2835197287272, ';', 7.465532615941366, ';', 1880.983166964249, 0.14103194712428418)
('NNS exec time = ', 19696.084903001785)
('NN3: ', 3449.6153956453363, ';', 42.529597383464974, ';', 148.90282793793247, 0.11285366245488068)
('NN exec time = ', 170.488844871521)
('NNMETA3: ', 94.50666459990038, ';', 6.7587818360239105, ';', 0.6835828937702593, 0.01946726221834792)
('NNMETA exec time = ', 67.32168936729431)
('NNSMA10: ', 83.41619416940172, ';', 6.401392834999838, ';', 0.5745122994702796, 0.01814933429672083)
('NNSWA10: ', 92.36821592978957, ';', 6.5281402408815765, ';', 7.181394465331624, 0.019651011677964448)
('NNSM10: ', 83.24273529292016, ';', 6.411436597371731, ';', 0.5712028424801994, 0.018084610092356835)
('NNSW10: ', 95.34616910531253, ';', 7.451468066718541, ';', 1.8050235557733345, 0.01758092768472873)
('NNS exec time = ', 16255.722871780396)
('NN10: ', 322645.0808765338, ';', 38.18495166142209, ';', 321100.5802546962, 1.5789208385769202)
('NN exec time = ', 203.5391764640808)
('NNMETA10: ', 249.29563128702458, ';', 14.425745628314534, ';', 0.5388856980010155, 0.017881160464247703)
('NNMETA exec time = ', 372.89001870155334)
